    0   401 10.760629 59.920259 Schous plass
    1   381 10.76224 59.91252 Grønlands torg
    2   556 10.7296246 59.9262242 Pilestredet
    3   561 10.7264261 59.9335582 Kirkeveien
    4   471 10.721769 59.932454 Marienlyst
    5   393 10.774319 59.939244 Hans Nielsen Hauges plass
    6   597 10.750358 59.920995 Fredensborg
    7   557 10.7428828 59.9141971 Akersgata
    8   412 10.754898 59.917866 Jakob kirke
    9   598 10.766171 59.923229 Sofienbergparken nord
   10   462 10.730981 59.92714 Stensparken
   11   613 10.7140544 59.9208044 Schives gate
   12   461 10.786856 59.908576 Vålerenga
   13   385 10.757867 59.918632 Søndre gate
   14   463 10.7594857 59.9207284 Schous plass trikkestopp
   15   448 10.754506 59.912185 Oslo Plaza
   16   555 10.7519299 59.9337026 Griffenfeldts gate
   17   552 10.762621 59.907967 Trelastgata
   18   744 10.762169 59.9315302 Hallénparken
   19   737 10.7678 59.908255 Munkegata trikkestopp
   20   421 10.751397 59.928058 Alexander Kiellands Plass
   21   414 10.73857 59.910242 Kontraskjæret
   22   417 10.720896 59.922485 Uranienborgparken
   23   495 10.757334 59.913532 Vaterlandsparken
   24   485 10.776072 59.911453 Sommerfrydhagen
   25   507 10.764162 59.919179 Jens Bjelkes gate
   26   436 10.7130691 59.9244031 Vestkanttorvet
   27   496 10.7195985 59.9379399 Fysikkbygningen
   28   620 10.7346377 59.9238336 Bislettgata
   29   458 10.77837 59.928349 Jenny Braatens Plass
   30   527 10.752292 59.9123341 Biskop Gunnerus' gate
   31   538 10.7537068 59.9147887 Bernt Ankers gate
   32   460 10.7696199 59.9152819 Botanisk Hage sør
   33   387 10.735453 59.914586 Studenterlunden
   34   748 10.715505 59.914145 Hydroparken
   35   479 10.722509 59.909467 Tjuvholmen
   36   513 10.7960147 59.9273747 Bøkkerveien
   37   411 10.7928824 59.9232266 Hasle Torg
   38   542 10.7554274 59.9224256 Grünerhagen Nord
   39   549 10.7457018 59.913832 Linaaes gate
   40   484 10.683814 59.92033 Karenlyst allé
   41   593 10.768774 59.9392 Bjølsen mølle
   42   525 10.7605813 59.937205 Myraløkka Øst
   43   617 10.7497787 59.9272161 Bjerregaardsgate Øst
   44   521 10.7523939 59.9186359 Jess Carlsens gate
   45   392 10.751224 59.910178 Sjøsiden vest
   46   503 10.7657433 59.9274634 Fagerheimgata
   47   434 10.7350062 59.9358883 Lindern
   48   540 10.769094 59.933727 Lilleborgbanen
   49   494 10.7303766 59.9108469 Rådhusbrygge 4
   50   464 10.753698 59.905037 Sukkerbiten
   51   413 10.716926 59.929045 Majorstuen
   52   534 10.7208788 59.9102277 Filipstadveien
   53   609 10.7493737 59.9110506 Fred Olsens gate
   54   610 10.7914482 59.9099822 Sotahjørnet
   55   377 10.7775665 59.915667 Tøyenparken
   56   600 10.7689579 59.905323 Dyvekes bru
   57   426 10.708339 59.917202 Gimle Kino
   58   734 10.7622812 59.9156603 Nylandsveien
   59   398 10.76047 59.92852 Ringnes Park
   60   397 10.773871 59.946695 Storo Storsenter
   61   389 10.7342854 59.9205528 Pilestredet Studenthus
   62   623 10.7312715 59.9150596 7 Juni Plassen
   63   468 10.710136 59.912742 Skillebekk
   64   493 10.7615858 59.9243639 Sofienbergparken nordvest
   65   378 10.711515 59.929853 Colosseum Kino
   66   499 10.746058 59.925488 Bjerregaards gate
   67   445 10.67666 59.921673 Sjølyst
   68   603 10.7045406 59.9225392 Frogner plass
   69   497 10.774712 59.919252 Sirkustomta
   70   403 10.730476 59.921768 Parkveien
   71   456 10.7051061 59.9103558 Frognerstranda
   72   478 10.749929 59.911901 Jernbanetorget
   73   443 10.751824 59.910178 Sjøsiden øst
   74   500 10.7581553 59.9172794 Anker Hostel
   75   388 10.716349 59.9163309 Skovveien
   76   459 10.71842 59.9281319 Valkyrieplassen
   77   564 10.7272388 59.9224222 Oscars gate
   78   553 10.7474667 59.9139786 Skråninga
   79   738 10.777958 59.9034528 Lodalen busstopp
   80   547 10.7481976 59.9112227 Skippergata
   81   429 10.68588 59.92208 Thune
   82   383 10.749466 59.934936 Arkitekt Rivertz Plass
   83   787 10.743456971511705 59.91015615055511 Kirkegata 15
   84   611 10.741869 59.908454 Bankplassen
   85   440 10.7622135 59.9172088 Lakkegata
   86   522 10.7638147 59.9123469 Mandalls gate
   87   480 10.7661939 59.9121109 Helga Helgesens plass
   88   489 10.751655 59.916012 Torggata
   89   511 10.7222803 59.915088 Henrik Ibsens gate
   90   457 10.7717192 59.9230577 Trondheimsveien
   91   465 10.75618 59.909006 Bjørvika
   92   619 10.723903 59.9424323 Bak Niels Treschows hus nord
   93   399 10.7489862 59.929545 Uelands gate
   94   746 10.692321 59.919001 Bygdøy allé
   95   518 10.7395045 59.9246852 Ullevålsveien
   96   400 10.735428 59.919927 HiOA
   97   425 10.734457 59.932792 Adamstuen
   98   498 10.7992011 59.9276408 HasleLinje
   99   543 10.7981175 59.9138347 Fyrstikktorget
  100   537 10.7385805 59.9179859 St. Olavs gate
  101   406 10.775996 59.92507 Carl Berners plass sør
  102   452 10.740627 59.903989 Vippetangen vest
  103   442 10.75101 59.92251 Vulkan
  104   586 10.769151 59.9294754 Københavngata busstopp
  105   455 10.7617503 59.922337 Sofienbergparken sør
  106   390 10.732869 59.914002 Saga Kino
  107   423 10.760804 59.920335 Schous plass
  108   422 10.740542 59.923703 St. Hanshaugen
  109   446 10.731288 59.92549 Bislett Stadion
  110   612 10.7833627 59.9167033 Ensjøveien
  111   574 10.7609998 59.9107393 Annette Thommessens Plass
  112   502 10.7364516 59.9360307 Ullevål sykehus
  113   621 10.7774484 59.9328069 Torshovdalen øst
  114   587 10.7196414 59.9191421 Riddervoldplass
  115   577 10.7480527 59.9121472 Arkaden Nord
  116   622 10.7313627 59.9238826 Pilestredet 63
  117   437 10.7510765 59.915484 Sentrum Scene
  118   408 10.773977 59.914943 Tøyen skole
  119   407 10.751648 59.937743 Sagene bussholdeplass
  120   391 10.7384634 59.9268706 St. Hanshaugen park vest
  121   739 10.749162 59.916536 Hammersborg Torg
  122   473 10.716195 59.926697 Majorstuveien
  123   469 10.733357 59.920852 Studentparlamentet
  124   516 10.775658 59.922839 Finnmarksgata
  125   568 10.7128796 59.9170851 Frognerveien
  126   601 10.7577241 59.9534114 Rolf Wickstrøms vei
  127   554 10.751165 59.952659 Tåsen Senter
  128   477 10.7485819 59.9154413 Møllergata
  129   541 10.7479977 59.9080552 Langkaia
  130   523 10.7617736 59.9115945 Tøyenbekken
  131   470 10.743524 59.929771 St. Hanshaugen park nord
  132   447 10.786167 59.904473 Kværnerbyen
  133   415 10.781053 59.929542 Sinsenveien
  134   608 10.746379 59.9307367 Colletts gate
  135   472 10.7541 59.9378 Arendalsgata
  136   572 10.679738 59.922247 Skøyen
  137   506 10.769035 59.920073 Botanisk Hage vest
  138   439 10.7559693 59.9283928 Mølleparken
  139   444 10.750462 59.925265 AHO
  140   624 10.7675618 59.928716 Dælenenggata
  141   430 10.7358023 59.9137965 Spikersuppa Vest
  142   618 10.723903 59.9424323 Bak Niels Treschows hus sør
  143   615 10.7301061 59.9135227 Munkedamsveien
  144   431 10.773185 59.927292 Chr. Michelsens Gate
  145   573 10.7351647 59.9117882 Tordenskiolds gate
  146   505 10.723478 59.93215 Marienlystparken
  147   416 10.741475 59.932383 Tannlegehøyskolen
  148   508 10.714813 59.9297 Majorstuen t-bane
  149   519 10.7039116 59.9185405 Thomas Heftyes plass
  150   394 10.7603062 59.94375 Bjølsen Studentby
  151   386 10.714778 59.930596 Slemdalsveien
  152   563 10.7229003 59.9126844 Huitfeldts gate
  153   592 10.7604191 59.9455883 Badebakken
  154   535 10.726634 59.9200421 Uranienborgveien
  155   569 10.7662784 59.9177943 Botanisk hage sør-vest
  156   475 10.7598719 59.9146509 Hausmanns bru
  157   548 10.716796 59.917293 Colbjørnsens gate
  158   405 10.708767 59.92808 Frognerbadet
  159   380 10.75917 59.93923 Bentsebrugata
  160   558 10.7277001 59.910974 Dokkveien
  161   517 10.7482848 59.9433939 Tåsenløkka
  162   515 10.732121 59.912918 Olav Vs gate
  163   476 10.736179 59.919111 Edvard Storms gate
  164   483 10.758328 59.915451 Hausmanns gate
  165   582 10.7506048 59.941108 Stavangergata
  166   590 10.7136816 59.9294351 Majorstua skole
  167   585 10.7547918 59.9212171 Nordre gate
  168   454 10.651118 59.9198098 Furulund
  169   545 10.7478583 59.9119691 Arkaden Sør
  170   404 10.720202 59.914306 Oslo Handelsgymnasium
  171   559 10.6760339 59.923898 Hoffsveien
  172   488 10.76915 59.93507 Torshovparken vest
  173   453 10.710033 59.927596 Frogner Stadion
  174   420 10.766079 59.94034 Bjølsendumpa
  175   396 10.746681 59.913032 Kirkeristen
  176   533 10.7253157 59.915262 Sørvest for Slottsparken
  177   625 10.737663 59.91336 Spikersuppa Øst
  178   486 10.726472 59.935342 Det Teologiske fakultet
  179   562 10.732128 59.917485 Slottsparken Øst
  180   588 10.7184345 59.9180141 Meltzers gate
  181   550 10.7310355 59.9261462 Thereses gate
  182   438 10.768576 59.949239 BI Nydalen
  183   491 10.7573198 59.9136458 Vaterlandsparken II
  184   424 10.760926 59.9256113 Birkelunden
  185   566 10.6755714 59.9272941 Hoff terrasse holdeplass
  186   526 10.7423101 59.9138973 Lille Grensen
  187   579 10.724628 59.924732 Bogstadveien
  188   591 10.7815924 59.9246227 Grenseveien
  189   599 10.75011 59.910331 Paléhaven
  190   384 10.743829 59.919463 Vår Frelsers gravlund sør
  191   583 10.77921 59.9071 Galgeberg
  192   514 10.7699892 59.9212063 Sofienberggata
  193   571 10.7407129 59.9101207 Over Rådhusgata
  194   626 10.691147 59.9204038 Drammensveien
  195   575 10.7324195 59.9474863 Sognsveien
  196   449 10.72656 59.913499 Ruseløkkgården
  197   419 10.751824 59.9141252 Storgata
  198   742 10.79285 59.924342 Hasle
  199   578 10.738655 59.922777 Hallings gate
  200   402 10.7910218 59.9311166 Lørenveien
  201   435 10.714577 59.915424 Fram-gården
  202   567 10.7138465 59.9454775 Forskningsveien
  203   509 10.735595 59.912711 Kjeld Stubs gate
  204   536 10.7054333 59.9363277 Diakonhjemmet
  205   530 10.7343051 59.9193095 Holbergs Plass
  206   602 10.6757833 59.9304645 Jarlsborgveien
  207   474 10.720862 59.940953 Blindern studentparkering
  208   501 10.765413 59.935995 Krebs' gate
  209   616 10.7466245 59.9069066 Salt
  210   735 10.7673282 59.9031036 Oslo Hospital
  211   614 10.780445 59.938808 Sinsen T-bane
  212   529 10.7114661 59.9327726 Friggfeltet
  213   627 10.6788129 59.9226729 Skøyen Stasjon
  214   595 10.701037 59.914871 Skarpsnoparken
  215   409 10.730036 59.940398 John Colletts plass
  216   492 10.7607798 59.9131792 Goethe Institut
  217   594 10.782129 59.915182 Kampen park Øst
  218   466 10.73048 59.937913 Ullevålsalléen
  219   524 10.7040189 59.9330951 Volvat
  220   418 10.686843 59.907674 Norsk Folkemuseum
  221   551 10.758182 59.922425 Olaf Ryes plass
  222   432 10.739909 59.924821 St. Hanshaugen park sør
  223   580 10.7229302 59.9390363 Georg Morgenstiernes hus
  224   482 10.766483 59.952868 Nydalen
  225   532 10.814199 59.909238 Bryn T-Bane
  226   581 10.781088 59.908227 Jordalgata
  227   570 10.7096985 59.9347352 Frøen T-bane
  228   382 10.732839 59.929634 Stensgata
  229   441 10.741077 59.903989 Vippetangen øst
  230   451 10.726195 59.929419 Suhms gate
  231   605 10.779916 59.9167376 Økernveien
  232   565 10.7728203 59.9309181 Mailundveien
  233   427 10.717978 59.920218 Briskeby
  234   589 10.675096 59.898126 Huk
  235   560 10.710392 59.945955 Gaustad T-bane
  236   481 10.736215 59.910924 Rådhusgata
  237   410 10.7496755 59.929005 Landstads gate
  238   528 10.743669 59.913245 Nedre Slottsgate
  239   433 10.748745 59.931828 Ila
  240   606 10.7521029 59.9339754 Stockfleths gate
  241   596 10.7360029 59.9310814 Idioten
  242   531 10.681138 59.935947 Monolittveien
  243   512 10.7897605 59.9131891 Ensjø T-Bane
  244   395 10.7098327 59.9261831 Frogner Tennisklubb
  245   450 10.70884 59.919524 Elisenberg
  246   584 10.7207894 59.9268942 Henrik Wergelands allé
  247   970 10.767579386407874 59.91320242563816 Enerhaugen
  248   607 10.7585697 59.9327471 Marcus Thranes gate
  249   576 10.747318039414154 59.91138423128484 Dronningens gate
  250  1009 10.703833031254021 59.942742106473666 Borgenveien
  251  1023 10.740971 59.9147672 Professor Aschehougs plass
  252  1101 10.737365277561025 59.91065301806209 Stortingstunellen
  253  1755 10.730034556850455 59.91118372188379 Aker Brygge
  254  1919 10.778592132296495 59.90591083488326 Kværnerveien
  255   428 10.6968953 59.9193337 Olav Kyrres plass
  256   487 10.776971 59.926929 Carl Berners plass nord
  257  2270 10.799770383800876 59.92883258499495 Lørenporten
  258  2280 10.732281291700133 59.913150534075015 Klingenberggata
  259  2304 10.783884345957915 59.91178403655783 Hedmarksgata
  260  2305 10.761265771390583 59.92774803110845 Hesselbergs Gate
  261  2306 10.801829756346933 59.93097164065915 Økern Portal
  262  2307 10.724626314653563 59.946219381760216 Domus Athletica
  263  2309 10.812061140924698 59.924959978447504 Ulven Torg
  264  2315 10.76030652299994 59.90688962048543 Rostockgata
  265  2308 10.75342798022669 59.91463805889239 Gunerius
  266  2328 10.750910185807754 59.912522370233745 The Hub
  267  2329 10.727170827087008 59.91271286014364 Via Vika
  268  2330 10.749958763650312 59.91323316606503 Stjerneplassen
  269  2332 10.757376666842816 59.91629601075576 Legevakten
