600 700 800 900 1000 1100 1200 1300 1400 1500 1600 1700 1800 1900 2000 2100 2200 2300 2400 2500 2600 2700 2800 2900 
equalprob-2
4377 4519 4827 5073 5321 5492 5652 5918 5921 6236 6137 6289 6356 6663 6572 6694 6842 6844 7001 7058 7022 7206 7173 7269 
3838 3652 3297 3113 2851 2689 2533 2318 2212 1992 2019 1881 1766 1551 1651 1507 1449 1303 1206 1163 1188 1042 1008 881 
3 9 11 15 25 30 39 62 77 79 125 159 220 244 295 337 455 463 569 689 738 863 968 1156 
equalprob-1
4310 4506 4824 4950 5231 5597 5716 5909 5963 6076 6116 6364 6330 6554 6581 6709 6798 6885 6912 7031 7077 7100 7172 7153 
3932 3604 3355 3247 2890 2633 2450 2299 2198 2110 2040 1853 1826 1632 1623 1510 1443 1331 1297 1207 1119 1106 1033 984 
2 9 16 18 26 35 50 70 89 147 137 195 257 257 372 394 475 471 617 730 763 941 1161 1186 
outflow-2
4326 4637 4979 5286 5417 5646 5674 5773 5924 5998 6120 6237 6387 6501 6578 6596 6798 6860 6965 7003 7132 7201 7137 7250 
3909 3539 3139 2930 2766 2547 2479 2465 2226 2134 2025 1952 1796 1717 1609 1590 1467 1372 1317 1195 1112 1057 1045 963 
0 4 5 6 21 28 41 53 91 91 150 177 234 275 338 374 482 556 625 728 693 849 1026 1266 
outflow-1
4371 4530 4971 5122 5269 5490 5667 5738 5892 6097 6127 6099 6223 6413 6497 6621 6743 6879 6934 7090 6937 7167 7164 7190 
3794 3673 3199 3083 2799 2699 2563 2434 2261 2134 2051 2040 1887 1766 1625 1576 1500 1339 1303 1155 1166 1066 997 937 
2 8 5 13 25 32 47 78 88 130 180 207 228 326 401 407 451 549 680 740 698 896 1096 1305 
evenly-2
4276 4432 4888 4963 5128 5479 5657 5731 5840 5927 6099 6224 6306 6407 6433 6642 6723 6797 7010 7006 7031 7106 7179 7215 
3961 3763 3318 3159 2966 2731 2505 2441 2301 2217 2087 1972 1843 1727 1754 1558 1513 1412 1237 1209 1176 1107 979 933 
2 2 8 18 30 35 58 79 102 139 172 187 248 277 300 379 493 511 671 696 672 892 972 1167 
evenly-1
4211 4545 4783 4991 5091 5479 5522 5729 5844 6004 6095 6199 6378 6503 6594 6550 6676 6908 6918 7030 7090 7063 7165 7260 
4056 3646 3357 3121 3068 2728 2607 2411 2271 2219 2100 1941 1795 1681 1629 1625 1534 1363 1302 1205 1184 1073 1026 954 
8 5 13 8 38 55 70 112 104 145 173 185 232 304 364 386 482 550 664 749 750 937 1090 1392 
random-2
4334 4600 4863 5086 5412 5448 5627 5805 5964 6035 6158 6256 6376 6494 6640 6762 6818 6888 6899 7013 7144 7087 7170 7212 
3814 3518 3299 3096 2767 2701 2523 2382 2256 2158 1975 1978 1824 1703 1602 1454 1479 1312 1235 1154 1061 1027 951 943 
0 4 7 13 42 60 69 97 99 180 199 245 286 306 405 344 503 514 591 687 820 890 993 1225 
random-1
4302 4583 4799 5047 5158 5492 5577 5847 5993 6037 6155 6261 6421 6572 6560 6670 6752 6856 6992 7086 7003 7136 7155 7217 
3924 3595 3341 3159 3007 2749 2624 2304 2211 2132 2019 1910 1792 1703 1612 1638 1460 1357 1242 1148 1135 1042 1034 943 
4 3 19 23 49 62 61 80 107 139 193 255 295 338 387 423 508 607 697 803 876 1001 1053 1205 
do_nothing
4274 4488 4827 4947 5116 5397 5547 5674 5949 6021 6078 6254 6321 6470 6454 6638 6782 6807 6916 6927 7008 7082 7204 7152 
3882 3677 3336 3194 3005 2768 2597 2487 2235 2191 2105 1935 1911 1731 1657 1540 1473 1377 1331 1187 1202 1072 1017 977 
3 13 16 17 54 64 73 105 105 178 199 234 258 384 375 413 606 569 724 680 817 949 1093 1214 
-end-
