200 400 600 800 1000 1200 1400 1600 1800 2000 2200 2400 2600 2800 3000 3200 3400 3600 3800 4000 4200 4400 4600 4800 5000 5200 5400 5600 5800 6000 
equalprob-2
2484 3657 4377 4827 5321 5652 5921 6137 6356 6572 6842 7001 7022 7173 7211 7360 7467 7551 7675 7801 7829 7937 7882 8002 8021 8091 8133 8059 8158 8158 
5733 4535 3838 3297 2851 2533 2212 2019 1766 1651 1449 1206 1188 1008 895 777 694 614 509 463 390 315 249 176 124 98 63 35 36 36 
0 5 3 11 25 39 77 125 220 295 455 569 738 968 1290 1628 2185 2720 3050 3949 4733 5725 7077 8423 10129 11850 18248 23706 31526 31526 
equalprob-1
2420 3532 4310 4824 5231 5716 5963 6116 6330 6581 6798 6912 7077 7172 7262 7336 7486 7601 7699 7724 7904 7901 7923 7931 8052 8071 8065 8169 8232 8232 
5765 4659 3932 3355 2890 2450 2198 2040 1826 1623 1443 1297 1119 1033 902 765 696 616 504 490 422 319 275 188 139 95 70 44 28 28 
0 0 2 16 26 50 89 137 257 372 475 617 763 1161 1361 1764 2142 3047 3426 4479 5284 6465 6933 8255 10675 12736 17701 24131 32224 32224 
outflow-2
2427 3602 4326 4979 5417 5674 5924 6120 6387 6578 6798 6965 7132 7137 7222 7379 7456 7530 7715 7767 7874 7876 7845 7914 8050 8081 8065 8091 8156 8156 
5705 4581 3909 3139 2766 2479 2226 2025 1796 1609 1467 1317 1112 1045 901 785 656 640 500 449 379 323 244 209 162 90 65 35 18 18 
0 2 0 5 21 41 91 150 234 338 482 625 693 1026 1383 1707 1955 2700 3364 3852 4899 5941 7062 8353 10216 12865 15944 22692 28852 28852 
outflow-1
2427 3535 4371 4971 5269 5667 5892 6127 6223 6497 6743 6934 6937 7164 7329 7396 7424 7558 7674 7827 7852 7827 7931 7938 7944 8005 8097 8098 8234 8234 
5705 4570 3794 3199 2799 2563 2261 2051 1887 1625 1500 1303 1166 997 859 808 678 613 519 443 377 312 229 211 155 107 67 50 26 26 
0 2 2 5 25 47 88 180 228 401 451 680 698 1096 1445 1750 2223 2883 3276 4322 5393 5897 6938 8470 10224 12612 17754 24645 31492 31492 
evenly-2
2174 3455 4276 4888 5128 5657 5840 6099 6306 6433 6723 7010 7031 7179 7321 7318 7426 7532 7632 7765 7824 7922 7911 7900 8015 8045 8184 8036 8175 8175 
6008 4688 3961 3318 2966 2505 2301 2087 1843 1754 1513 1237 1176 979 874 777 730 602 570 484 392 323 247 207 169 106 62 53 14 14 
0 3 2 8 30 58 102 172 248 300 493 671 672 972 1253 1621 2104 2713 3159 4119 4712 6164 6666 8235 9572 11195 15830 20221 26090 26090 
evenly-1
2326 3452 4211 4783 5091 5522 5844 6095 6378 6594 6676 6918 7090 7165 7308 7342 7496 7574 7674 7824 7849 7979 7914 7864 8051 8045 8056 8161 8174 8174 
5765 4690 4056 3357 3068 2607 2271 2100 1795 1629 1534 1302 1184 1026 884 755 669 601 512 433 427 278 236 229 144 102 66 46 31 31 
0 4 8 13 38 70 104 173 232 364 482 664 750 1090 1462 1590 2250 2890 3430 4362 5480 6044 7407 8369 10185 13341 16921 24299 30220 30220 
random-2
2419 3672 4334 4863 5412 5627 5964 6158 6376 6640 6818 6899 7144 7170 7375 7459 7483 7613 7679 7844 7869 7852 7936 7980 7992 8077 8118 8145 8185 8185 
5765 4508 3814 3299 2767 2523 2256 1975 1824 1602 1479 1235 1061 951 823 792 722 622 513 397 351 313 246 189 120 101 50 37 15 15 
0 3 0 7 42 69 99 199 286 405 503 591 820 993 1411 1628 2217 2819 3329 3870 4776 5173 6130 7926 10461 11639 16550 23281 27622 27622 
random-1
2472 3582 4302 4799 5158 5577 5993 6155 6421 6560 6752 6992 7003 7155 7245 7400 7547 7663 7661 7791 7894 7924 7978 7937 8037 8098 8176 8113 8279 8279 
5717 4593 3924 3341 3007 2624 2211 2019 1792 1612 1460 1242 1135 1034 904 802 697 614 525 468 401 288 203 180 156 85 50 48 23 23 
0 0 4 19 49 61 107 193 295 387 508 697 876 1053 1335 1710 2489 3100 3313 3988 4935 5948 6537 8040 10386 12548 16290 23307 29990 29990 
do_nothing
2427 3470 4274 4827 5116 5547 5949 6078 6321 6454 6782 6916 7008 7204 7209 7360 7439 7518 7720 7775 7906 7843 7879 7891 7986 8073 8146 8104 8185 8185 
5705 4669 3882 3336 3005 2597 2235 2105 1911 1657 1473 1331 1202 1017 935 829 713 628 471 500 395 312 281 169 154 106 58 38 25 25 
0 2 3 16 54 73 105 199 258 375 606 724 817 1093 1577 1881 2423 2954 3570 4886 5452 6368 6858 8914 10980 13111 18783 25895 32245 32245 
-end-
